Round: 1
1	1,0 	2,1 	3,1 	
2	1,1 	2,0 	3,1 	
3	1,1 	2,1 	3,0 	
Round: 2
1	1,0 	2,1 	2,2 	
2	1,1 	2,0 	3,1 	
3	2,2 	2,1 	3,0 	
Round: 3
1	1,0 	2,1 	2,2 	
2	1,1 	2,0 	3,1 	
3	2,2 	2,1 	3,0 	
Round: 4
1	1,0 	2,1 	2,2 	
2	1,1 	2,0 	3,1 	
3	2,2 	2,1 	3,0 	
Round: 5
1	1,0 	2,1 	2,2 	
2	1,1 	2,0 	3,1 	
3	2,2 	2,1 	3,0 	
Round: 6
1	1,0 	2,1 	2,2 	
2	1,1 	2,0 	3,1 	
3	2,2 	2,1 	3,0 	
Round: 7
1	1,0 	2,1 	2,2 	
2	1,1 	2,0 	3,1 	
3	2,2 	2,1 	3,0 	
Round: 8
1	1,0 	2,1 	2,2 	
2	1,1 	2,0 	3,1 	
3	2,2 	2,1 	3,0 	
Round: 9
1	1,0 	2,1 	2,2 	
2	1,1 	2,0 	3,1 	
3	2,2 	2,1 	3,0 	
Round: 10
1	1,0 	2,1 	2,2 	
2	1,1 	2,0 	3,1 	
3	2,2 	2,1 	3,0 	
Round: 11
1	1,0 	3,2 	3,1 	
2	3,3 	2,0 	3,1 	
3	2,2 	2,1 	3,0 	
Round: 12
1	1,0 	3,2 	3,1 	
2	3,3 	2,0 	3,1 	
3	2,4 	2,1 	3,0 	
Round: 13
1	1,0 	3,2 	3,1 	
2	3,5 	2,0 	3,1 	
3	2,4 	2,1 	3,0 	
Round: 14
1	1,0 	3,2 	3,1 	
2	3,5 	2,0 	3,1 	
3	2,6 	2,1 	3,0 	
Round: 15
1	1,0 	3,2 	3,1 	
2	3,7 	2,0 	3,1 	
3	2,6 	2,1 	3,0 	
Round: 16
1	1,0 	3,2 	3,1 	
2	3,7 	2,0 	3,1 	
3	2,8 	2,1 	3,0 	
Round: 17
1	1,0 	3,2 	3,1 	
2	3,9 	2,0 	3,1 	
3	2,8 	2,1 	3,0 	
Round: 18
1	1,0 	3,2 	3,1 	
2	3,9 	2,0 	3,1 	
3	2,10 	2,1 	3,0 	
Round: 19
1	1,0 	3,2 	3,1 	
2	3,11 	2,0 	3,1 	
3	2,10 	2,1 	3,0 	
Round: 20
1	1,0 	3,2 	3,1 	
2	3,11 	2,0 	3,1 	
3	2,12 	2,1 	3,0 	
Round: 21
1	1,0 	3,2 	3,1 	
2	3,13 	2,0 	3,1 	
3	2,12 	2,1 	3,0 	
Round: 22
1	1,0 	3,2 	3,1 	
2	3,13 	2,0 	3,1 	
3	2,14 	2,1 	3,0 	
Round: 23
1	1,0 	3,2 	3,1 	
2	3,15 	2,0 	3,1 	
3	2,14 	2,1 	3,0 	
Round: 24
1	1,0 	3,2 	3,1 	
2	3,15 	2,0 	3,1 	
3	2,16 	2,1 	3,0 	
Round: 25
1	1,0 	3,2 	3,1 	
2	3,17 	2,0 	3,1 	
3	2,16 	2,1 	3,0 	
Round: 26
1	1,0 	3,2 	3,1 	
2	3,17 	2,0 	3,1 	
3	2,18 	2,1 	3,0 	
Round: 27
1	1,0 	3,2 	3,1 	
2	3,19 	2,0 	3,1 	
3	2,18 	2,1 	3,0 	
Round: 28
1	1,0 	3,2 	3,1 	
2	3,19 	2,0 	3,1 	
3	2,20 	2,1 	3,0 	
Round: 29
1	1,0 	3,2 	3,1 	
2	3,21 	2,0 	3,1 	
3	2,20 	2,1 	3,0 	
Round: 30
1	1,0 	3,2 	3,1 	
2	3,21 	2,0 	3,1 	
3	2,22 	2,1 	3,0 	
Round: 31
1	1,0 	3,2 	3,1 	
2	3,23 	2,0 	3,1 	
3	2,22 	2,1 	3,0 	
Round: 32
1	1,0 	3,2 	3,1 	
2	3,23 	2,0 	3,1 	
3	2,24 	2,1 	3,0 	
Round: 33
1	1,0 	3,2 	3,1 	
2	3,25 	2,0 	3,1 	
3	2,24 	2,1 	3,0 	
Round: 34
1	1,0 	3,2 	3,1 	
2	3,25 	2,0 	3,1 	
3	2,26 	2,1 	3,0 	
Round: 35
1	1,0 	3,2 	3,1 	
2	3,27 	2,0 	3,1 	
3	2,26 	2,1 	3,0 	
Round: 36
1	1,0 	3,2 	3,1 	
2	3,27 	2,0 	3,1 	
3	2,28 	2,1 	3,0 	
Round: 37
1	1,0 	3,2 	3,1 	
2	3,29 	2,0 	3,1 	
3	2,28 	2,1 	3,0 	
Round: 38
1	1,0 	3,2 	3,1 	
2	3,29 	2,0 	3,1 	
3	2,30 	2,1 	3,0 	
Round: 39
1	1,0 	3,2 	3,1 	
2	3,31 	2,0 	3,1 	
3	2,30 	2,1 	3,0 	
Round: 40
1	1,0 	3,2 	3,1 	
2	3,31 	2,0 	3,1 	
3	2,32 	2,1 	3,0 	
Round: 41
1	1,0 	3,2 	3,1 	
2	3,33 	2,0 	3,1 	
3	2,32 	2,1 	3,0 	
Round: 42
1	1,0 	3,2 	3,1 	
2	3,33 	2,0 	3,1 	
3	2,34 	2,1 	3,0 	
Round: 43
1	1,0 	3,2 	3,1 	
2	3,35 	2,0 	3,1 	
3	2,34 	2,1 	3,0 	
Round: 44
1	1,0 	3,2 	3,1 	
2	3,35 	2,0 	3,1 	
3	2,36 	2,1 	3,0 	
Round: 45
1	1,0 	3,2 	3,1 	
2	3,37 	2,0 	3,1 	
3	2,36 	2,1 	3,0 	
Round: 46
1	1,0 	3,2 	3,1 	
2	3,37 	2,0 	3,1 	
3	2,38 	2,1 	3,0 	
Round: 47
1	1,0 	3,2 	3,1 	
2	3,39 	2,0 	3,1 	
3	2,38 	2,1 	3,0 	
Round: 48
1	1,0 	3,2 	3,1 	
2	3,39 	2,0 	3,1 	
3	2,40 	2,1 	3,0 	
Round: 49
1	1,0 	3,2 	3,1 	
2	3,41 	2,0 	3,1 	
3	2,40 	2,1 	3,0 	
Round: 50
1	1,0 	3,2 	3,1 	
2	3,41 	2,0 	3,1 	
3	2,42 	2,1 	3,0 	
Round: 51
1	1,0 	3,2 	3,1 	
2	3,43 	2,0 	3,1 	
3	2,42 	2,1 	3,0 	
Round: 52
1	1,0 	3,2 	3,1 	
2	3,43 	2,0 	3,1 	
3	2,44 	2,1 	3,0 	
Round: 53
1	1,0 	3,2 	3,1 	
2	3,45 	2,0 	3,1 	
3	2,44 	2,1 	3,0 	
Round: 54
1	1,0 	3,2 	3,1 	
2	3,45 	2,0 	3,1 	
3	2,46 	2,1 	3,0 	
Round: 55
1	1,0 	3,2 	3,1 	
2	3,47 	2,0 	3,1 	
3	2,46 	2,1 	3,0 	
Round: 56
1	1,0 	3,2 	3,1 	
2	3,47 	2,0 	3,1 	
3	1,1 	2,1 	3,0 	
Round: 57
1	1,0 	3,2 	3,1 	
2	3,2 	2,0 	3,1 	
3	1,1 	2,1 	3,0 	
Convergence Delay:47