Round: 0
1	0,0 	0,4 	0,50 	
2	0,4 	0,0 	0,1 	
3	0,50 	0,1 	0,0 	
Round: 1
1	0,0 	0,4 	2,5 	
2	0,4 	0,0 	0,1 	
3	2,5 	0,1 	0,0 	
Round: 2
1	0,0 	3,51 	0,50 	
2	0,60 	0,0 	0,1 	
3	2,5 	0,1 	0,0 	
Round: 3
1	0,0 	3,51 	0,50 	
2	0,60 	0,0 	0,1 	
3	0,50 	0,1 	0,0 	
Round: 4
1	0,0 	3,51 	0,50 	
2	3,51 	0,0 	0,1 	
3	0,50 	0,1 	0,0 	
Round: 5
1	0,0 	3,51 	0,50 	
2	3,51 	0,0 	0,1 	
3	0,50 	0,1 	0,0 	
Round: 6
1	0,0 	3,51 	0,50 	
2	3,51 	0,0 	0,1 	
3	0,50 	0,1 	0,0 	
Round: 7
1	0,0 	3,51 	0,50 	
2	3,51 	0,0 	0,1 	
3	0,50 	0,1 	0,0 	
Round: 8
1	0,0 	3,51 	0,50 	
2	3,51 	0,0 	0,1 	
3	0,50 	0,1 	0,0 	
Round: 9
1	0,0 	3,51 	0,50 	
2	3,51 	0,0 	0,1 	
3	0,50 	0,1 	0,0 	
Round: 10
1	0,0 	3,51 	0,50 	
2	3,51 	0,0 	0,1 	
3	0,50 	0,1 	0,0 	
Round: 11
1	0,0 	3,51 	0,50 	
2	3,51 	0,0 	0,1 	
3	0,50 	0,1 	0,0 	
Round: 12
1	0,0 	3,51 	0,50 	
2	3,51 	0,0 	0,1 	
3	0,50 	0,1 	0,0 	
Round: 13
1	0,0 	3,51 	0,50 	
2	3,51 	0,0 	0,1 	
3	0,50 	0,1 	0,0 	
Round: 14
1	0,0 	3,51 	0,50 	
2	3,51 	0,0 	0,1 	
3	0,50 	0,1 	0,0 	
Round: 15
1	0,0 	3,51 	0,50 	
2	3,51 	0,0 	0,1 	
3	0,50 	0,1 	0,0 	
Round: 16
1	0,0 	3,51 	0,50 	
2	3,51 	0,0 	0,1 	
3	0,50 	0,1 	0,0 	
Round: 17
1	0,0 	3,51 	0,50 	
2	3,51 	0,0 	0,1 	
3	0,50 	0,1 	0,0 	
Round: 18
1	0,0 	3,51 	0,50 	
2	3,51 	0,0 	0,1 	
3	0,50 	0,1 	0,0 	
Round: 19
1	0,0 	3,51 	0,50 	
2	3,51 	0,0 	0,1 	
3	0,50 	0,1 	0,0 	
Round: 20
1	0,0 	3,51 	0,50 	
2	3,51 	0,0 	0,1 	
3	0,50 	0,1 	0,0 	
Round: 21
1	0,0 	3,51 	0,50 	
2	3,51 	0,0 	0,1 	
3	0,50 	0,1 	0,0 	
Round: 22
1	0,0 	3,51 	0,50 	
2	3,51 	0,0 	0,1 	
3	0,50 	0,1 	0,0 	
Round: 23
1	0,0 	3,51 	0,50 	
2	3,51 	0,0 	0,1 	
3	0,50 	0,1 	0,0 	
Round: 24
1	0,0 	3,51 	0,50 	
2	3,51 	0,0 	0,1 	
3	0,50 	0,1 	0,0 	
Round: 25
1	0,0 	3,51 	0,50 	
2	3,51 	0,0 	0,1 	
3	0,50 	0,1 	0,0 	
Round: 26
1	0,0 	3,51 	0,50 	
2	3,51 	0,0 	0,1 	
3	0,50 	0,1 	0,0 	
Convergence Delay:2